{
  "camera_type": "perspective",
  "render_height": 270.0,
  "render_width": 480.0,
  "seconds": 16.916666666666668,
  "fps": 24,
  "camera_path": [
    {
      "camera_to_world": [
        -0.09065382861846552,
        0.02868271793561911,
        0.9954694026804217,
        -0.231468128149336,
        0.9954860239451951,
        0.030810943031959144,
        0.08976758431601663,
        -0.24006929263692836,
        -0.0280965710210953,
        0.9991136535156141,
        -0.03134637598506544,
        -0.05728126982342828,
        0.0,
        0.0,
        0.0,
        1.0
      ],
      "fov": 50,
      "aspect": 1,
      "file_path": "frames/00001.png"
    },
    {
      "camera_to_world": [
        -0.09032356794435951,
        0.03254912794873072,
        0.9953804932772004,
        -0.23129079544376502,
        0.9956078759640278,
        0.027668312418569575,
        0.08943944326435635,
        -0.24039138846931865,
        -0.02462932118227356,
        0.9990871284391794,
        -0.03490526836093753,
        -0.05738566315747715,
        0.0,
        0.0,
        0.0,
        1.0
      ],
      "fov": 50,
      "aspect": 1,
      "file_path": "frames/00004.png"
    },
    {
      "camera_to_world": [
        -0.09061932113116725,
        0.03232154770934151,
        0.9953610335962693,
        -0.23132000141269493,
        0.9955760468883061,
        0.027858950912784456,
        0.08973426336838432,
        -0.24005567016485455,
        -0.02482936385949868,
        0.9990892381056221,
        -0.03470311628970547,
        -0.05730790327271828,
        0.0,
        0.0,
        0.0,
        1.0
      ],
      "fov": 50,
      "aspect": 1,
      "file_path": "frames/00005.png"
    },
    {
      "camera_to_world": [
        -0.09059851716812324,
        0.03224670603119804,
        0.9953653148618238,
        -0.23147260650999446,
        0.9955677608812981,
        0.02825622254309758,
        0.08970152979789135,
        -0.24006064711222921,
        -0.02523268519701211,
        0.9990804993741074,
        -0.03466375377115466,
        -0.05728122158377921,
        0.0,
        0.0,
        0.0,
        1.0
      ],
      "fov": 50,
      "aspect": 1,
      "file_path": "frames/00007.png"
    },
    {
      "camera_to_world": [
        -0.0905063252982388,
        0.0323017028306365,
        0.9953719154067203,
        -0.23146760293454632,
        0.9955820762843666,
        0.028022774954422517,
        0.08961604735791281,
        -0.24006925372977733,
        -0.02499833283923375,
        0.9990852807045455,
        -0.034695235552134975,
        -0.05728139378404572,
        0.0,
        0.0,
        0.0,
        1.0
      ],
      "fov": 50,
      "aspect": 1,
      "file_path": "frames/00008.png"
    },
    {
      "camera_to_world": [
        -0.09059734783212336,
        0.03239439083907928,
        0.9953606390021305,
        -0.23134438554913944,
        0.9955803058900963,
        0.027773626911393578,
        0.08971344218090296,
        -0.24012165936851257,
        -0.024738561282736996,
        0.9990892496838355,
        -0.03476743357777093,
        -0.057304541980293,
        0.0,
        0.0,
        0.0,
        1.0
      ],
      "fov": 50,
      "aspect": 1,
      "file_path": "frames/00009.png"
    },
    {
      "camera_to_world": [
        -0.09387974371379212,
        0.03175540970946689,
        0.9950770267050545,
        -0.2318412826579811,
        0.9952661278273343,
        0.028230299099108853,
        0.09299669303200485,
        -0.24005101757705882,
        -0.025138173067960852,
        0.9990969158002275,
        -0.03425533806180176,
        -0.05750681429583534,
        0.0,
        0.0,
        0.0,
        1.0
      ],
      "fov": 50,
      "aspect": 1,
      "file_path": "frames/00010.png"
    },
    {
      "camera_to_world": [
        -0.04486263214832695,
        0.01892718936408357,
        0.9988138735660325,
        -0.231105916120542,
        0.9967269177768339,
        0.06815506964267654,
        0.0434773841030935,
        -0.23709184490088198,
        -0.06725132125607843,
        0.9974951961565446,
        -0.021922854129282434,
        -0.057729089755693415,
        0.0,
        0.0,
        0.0,
        1.0
      ],
      "fov": 50,
      "aspect": 1,
      "file_path": "frames/00011.png"
    },
    {
      "camera_to_world": [
        0.2289717837585706,
        0.03440769339014165,
        0.9728248112465091,
        -0.17217820463625755,
        0.9727937152681173,
        -0.04430228697072706,
        -0.22739754377812782,
        -0.2304567644781774,
        0.03527413869544236,
        0.9984255290287123,
        -0.04361556376095033,
        0.025588469780867765,
        0.0,
        0.0,
        0.0,
        1.0
      ],
      "fov": 50,
      "aspect": 1,
      "file_path": "frames/00012.png"
    },
    {
      "camera_to_world": [
        0.7826900865483633,
        -0.028824389909093244,
        0.6217438719890154,
        0.03094818142372761,
        0.6208883097020362,
        -0.033687845261155605,
        -0.7831748158080859,
        -0.19289491762536248,
        0.04351974659223653,
        0.9990166868505062,
        -0.008470417588221696,
        0.05015680215097687,
        0.0,
        0.0,
        0.0,
        1.0
      ],
      "fov": 50,
      "aspect": 1,
      "file_path": "frames/00013.png"
    },
    {
      "camera_to_world": [
        0.9771111497530249,
        -0.030676904397733705,
        -0.21050616452652476,
        0.2276998547446453,
        -0.21044987872258283,
        0.00508823424711293,
        -0.9775914049312874,
        -0.22277093252578756,
        0.03106058254834775,
        0.9995164293499821,
        -0.0014841803797124922,
        0.04750169948391048,
        0.0,
        0.0,
        0.0,
        1.0
      ],
      "fov": 50,
      "aspect": 1,
      "file_path": "frames/00014.png"
    },
    {
      "camera_to_world": [
        0.8292189427879663,
        -0.06652299363574193,
        -0.5549510931889262,
        0.3619901593112756,
        -0.5545073019809561,
        0.026660296564399125,
        -0.8317516601845502,
        -0.17661969373632427,
        0.07012576984294795,
        0.9974286963188703,
        -0.014780262293139461,
        0.05619730181324247,
        0.0,
        0.0,
        0.0,
        1.0
      ],
      "fov": 50,
      "aspect": 1,
      "file_path": "frames/00015.png"
    },
    {
      "camera_to_world": [
        0.8881021011859014,
        -0.07300037443607404,
        -0.4538124127626092,
        0.5210457986255392,
        -0.4532674357203221,
        0.024824123011773752,
        -0.8910288522536781,
        -0.10441820831472821,
        0.07631093643946053,
        0.9970229309411673,
        -0.011042336600589923,
        0.04723263621956444,
        0.0,
        0.0,
        0.0,
        1.0
      ],
      "fov": 50,
      "aspect": 1,
      "file_path": "frames/00016.png"
    },
    {
      "camera_to_world": [
        0.8896507348568572,
        -0.05058208212481574,
        -0.45383160148873525,
        0.6083727747026895,
        -0.45396547718077257,
        0.009472006615831266,
        -0.8909689176954482,
        0.04959958843929921,
        0.04936575968124518,
        0.9986750347507797,
        -0.014535742128667505,
        0.04752502193115509,
        0.0,
        0.0,
        0.0,
        1.0
      ],
      "fov": 50,
      "aspect": 1,
      "file_path": "frames/00017.png"
    },
    {
      "camera_to_world": [
        0.9155484160688985,
        -0.029205891741748025,
        -0.4011461619469625,
        0.7161955883220426,
        -0.401366883040208,
        -0.0018774078724547111,
        -0.9159154269291052,
        0.19246419148450408,
        0.025997011881940264,
        0.9995716929637292,
        -0.013441134805571927,
        0.03869118877104714,
        0.0,
        0.0,
        0.0,
        1.0
      ],
      "fov": 50,
      "aspect": 1,
      "file_path": "frames/00018.png"
    },
    {
      "camera_to_world": [
        0.8556527288097749,
        -0.00791126520189109,
        -0.5174900460014026,
        0.8067292782021145,
        -0.5174990613617567,
        -0.027172216540898977,
        -0.8552522469310453,
        0.30970025879714114,
        -0.007295224030431004,
        0.9995995206204072,
        -0.02734405359800201,
        0.05093609302630187,
        0.0,
        0.0,
        0.0,
        1.0
      ],
      "fov": 50,
      "aspect": 1,
      "file_path": "frames/00019.png"
    },
    {
      "camera_to_world": [
        0.06123889110928153,
        -0.04980610937891652,
        0.996879763389513,
        0.9144957616181225,
        0.993649961603402,
        -0.09140756753077836,
        -0.06560738471727572,
        0.767013982392636,
        0.09439000385079625,
        0.9945672589728975,
        0.04389214105400756,
        0.030171828719778505,
        0.0,
        0.0,
        0.0,
        1.0
      ],
      "fov": 50,
      "aspect": 1,
      "file_path": "frames/00024.png"
    },
    {
      "camera_to_world": [
        -0.4674245838168468,
        -0.03199347889051874,
        0.8834539115000721,
        0.8793899687454059,
        0.8827013313677796,
        -0.07172164075931976,
        0.46442908078379486,
        0.6794686317855729,
        0.04850405994704033,
        0.9969114778424687,
        0.06176514430157979,
        0.028326124298913465,
        0.0,
        0.0,
        0.0,
        1.0
      ],
      "fov": 50,
      "aspect": 1,
      "file_path": "frames/00025.png"
    },
    {
      "camera_to_world": [
        -0.9736446718343253,
        0.02487157968088285,
        0.22671017239262053,
        0.8894761303124853,
        0.22417699872253244,
        -0.07852170006882019,
        0.9713799505854724,
        0.6063317657216412,
        0.04196142220165895,
        0.9966021496860116,
        0.07087659881364256,
        0.028725248582272028,
        0.0,
        0.0,
        0.0,
        1.0
      ],
      "fov": 50,
      "aspect": 1,
      "file_path": "frames/00026.png"
    },
    {
      "camera_to_world": [
        -0.8741056831215109,
        0.09278483931170255,
        -0.4767916789244514,
        0.9631473074851388,
        -0.4842830870554825,
        -0.09061168333757308,
        0.8702065298579166,
        0.6010840842964102,
        0.037539076180123095,
        0.9915546170606188,
        0.12413832140164617,
        0.0231727487223182,
        0.0,
        0.0,
        0.0,
        1.0
      ],
      "fov": 50,
      "aspect": 1,
      "file_path": "frames/00027.png"
    },
    {
      "camera_to_world": [
        -0.9929664352280695,
        0.06759957518277794,
        -0.0972009664987077,
        0.9601798705910134,
        -0.10439217655241509,
        -0.11256302150506901,
        0.9881456199014046,
        0.5707536631069021,
        0.055856992442767664,
        0.9913424701571736,
        0.11882817081983163,
        0.020127195050424384,
        0.0,
        0.0,
        0.0,
        1.0
      ],
      "fov": 50,
      "aspect": 1,
      "file_path": "frames/00028.png"
    },
    {
      "camera_to_world": [
        -0.9754150703389972,
        0.06263404388220425,
        0.21128764105210712,
        0.8053576874727509,
        0.20390758001887582,
        -0.10715084070313804,
        0.973108614254793,
        0.3591453671617116,
        0.0835893779397295,
        0.9922679967648584,
        0.09174499064095802,
        0.02446409887329088,
        0.0,
        0.0,
        0.0,
        1.0
      ],
      "fov": 50,
      "aspect": 1,
      "file_path": "frames/00030.png"
    },
    {
      "camera_to_world": [
        -0.9972920785961218,
        0.07326873372238779,
        0.006346461423971355,
        0.7782178209268505,
        0.00045642468843603033,
        -0.08012777250478442,
        0.9967845017934346,
        0.2488229468083492,
        0.07354166603507131,
        0.9940881613892117,
        0.07987735312204079,
        0.021236020626854923,
        0.0,
        0.0,
        0.0,
        1.0
      ],
      "fov": 50,
      "aspect": 1,
      "file_path": "frames/00031.png"
    },
    {
      "camera_to_world": [
        -0.967591616607513,
        0.0777447666724735,
        -0.24025454920141764,
        0.7693084653921232,
        -0.24423350433108634,
        -0.04638506357140722,
        0.9686064243762502,
        0.19772600233083587,
        0.06415985510880644,
        0.9958937097466464,
        0.06386967488912873,
        0.02623867234607754,
        0.0,
        0.0,
        0.0,
        1.0
      ],
      "fov": 50,
      "aspect": 1,
      "file_path": "frames/00034.png"
    },
    {
      "camera_to_world": [
        -0.4948859103555096,
        -0.02439615318646232,
        0.8686154982765449,
        0.6613005789891517,
        0.8679932806341131,
        -0.06096783486290909,
        0.49281902787195747,
        0.26499901480477533,
        0.04093471874289025,
        0.9978415884548023,
        0.05134781974061035,
        0.03227345844813487,
        0.0,
        0.0,
        0.0,
        1.0
      ],
      "fov": 50,
      "aspect": 1,
      "file_path": "frames/00035.png"
    },
    {
      "camera_to_world": [
        0.09331859238496669,
        -0.07794788170168972,
        0.9925804133744937,
        0.6573120694771216,
        0.9951068044816097,
        -0.02520676774123741,
        -0.09553560525941183,
        0.34158624175553476,
        0.03246654225577937,
        0.9966387457471562,
        0.0752142097540711,
        0.02540137921961252,
        0.0,
        0.0,
        0.0,
        1.0
      ],
      "fov": 50,
      "aspect": 1,
      "file_path": "frames/00036.png"
    },
    {
      "camera_to_world": [
        0.08360645682433138,
        -0.09346619055201413,
        0.9921058997276815,
        0.6495250508953883,
        0.9963374755923189,
        -0.010075551864732513,
        -0.0849122649167689,
        0.34617839430245856,
        0.01793244122188679,
        0.9955715166681246,
        0.0922814854096888,
        0.022747482147860508,
        0.0,
        0.0,
        0.0,
        1.0
      ],
      "fov": 50,
      "aspect": 1,
      "file_path": "frames/00037.png"
    },
    {
      "camera_to_world": [
        -0.994107837508352,
        0.10838528187749429,
        -0.0015241886248257793,
        0.6447659686971948,
        -0.014000673033980726,
        -0.11444497263324326,
        0.9933308861801168,
        0.022952701149546326,
        0.10748801267036787,
        0.9874994117050604,
        0.11528810623107241,
        0.014965296767445508,
        0.0,
        0.0,
        0.0,
        1.0
      ],
      "fov": 50,
      "aspect": 1,
      "file_path": "frames/00039.png"
    },
    {
      "camera_to_world": [
        -0.9843443676146993,
        0.10158542101353744,
        -0.14403680665921562,
        0.6111943456033431,
        -0.15154623739282466,
        -0.07051421431103987,
        0.9859317485684043,
        -0.13992186139326143,
        0.089999651930699,
        0.9923246196455991,
        0.08480516210274724,
        0.015260612324616805,
        0.0,
        0.0,
        0.0,
        1.0
      ],
      "fov": 50,
      "aspect": 1,
      "file_path": "frames/00040.png"
    },
    {
      "camera_to_world": [
        -0.9927621849606453,
        0.09116055145351369,
        -0.07818616066557946,
        0.6194220772134474,
        -0.08750193329462264,
        -0.10312348112423021,
        0.9908122625212612,
        -0.28261194776578685,
        0.08226016141413449,
        0.9904823925184154,
        0.11035381473810187,
        0.018413173366934675,
        0.0,
        0.0,
        0.0,
        1.0
      ],
      "fov": 50,
      "aspect": 1,
      "file_path": "frames/00041.png"
    },
    {
      "camera_to_world": [
        -0.9810270020976802,
        0.03806347495431194,
        0.19009798516639229,
        0.5819911050227856,
        0.1860656621938633,
        -0.0905747763334186,
        0.9783535801860411,
        -0.37704343714615285,
        0.054457617446496936,
        0.9951620097651828,
        0.08177399988337444,
        0.018182644480537344,
        0.0,
        0.0,
        0.0,
        1.0
      ],
      "fov": 50,
      "aspect": 1,
      "file_path": "frames/00042.png"
    },
    {
      "camera_to_world": [
        -0.5866899428179827,
        -0.03630026327389965,
        0.8089976957416467,
        0.5319311258525277,
        0.8074713743385067,
        -0.10211660122761894,
        0.5810009855001925,
        -0.36078230040451414,
        0.06152160662096993,
        0.9941099330027925,
        0.08922221205498587,
        0.027364403021642957,
        0.0,
        0.0,
        0.0,
        1.0
      ],
      "fov": 50,
      "aspect": 1,
      "file_path": "frames/00043.png"
    },
    {
      "camera_to_world": [
        0.11977742366313696,
        -0.08235256283573063,
        0.9893793379543132,
        0.5079522919540214,
        0.9922607217539089,
        -0.022934734377236345,
        -0.12203525842259119,
        -0.29890656622109213,
        0.03274106918564348,
        0.9963393505923821,
        0.07896815476507599,
        0.025033256441931946,
        0.0,
        0.0,
        0.0,
        1.0
      ],
      "fov": 50,
      "aspect": 1,
      "file_path": "frames/00044.png"
    },
    {
      "camera_to_world": [
        0.8631580529003093,
        -0.07886542813492321,
        0.4987368682699498,
        0.6038875901028301,
        0.5028758169596813,
        0.0451790485184184,
        -0.8631771107916002,
        -0.20721239317970983,
        0.045542376837224396,
        0.9958610185399788,
        0.07865617673736705,
        0.025925975327647656,
        0.0,
        0.0,
        0.0,
        1.0
      ],
      "fov": 50,
      "aspect": 1,
      "file_path": "frames/00045.png"
    },
    {
      "camera_to_world": [
        0.8550727711681564,
        0.036722589259989585,
        -0.5172060402960819,
        0.7004280480478668,
        -0.5181149927952903,
        0.09934780340956352,
        -0.8495215271983835,
        -0.22629717744830713,
        0.020186656583270554,
        0.9943749126836328,
        0.10397612648685517,
        0.03000237983550711,
        0.0,
        0.0,
        0.0,
        1.0
      ],
      "fov": 50,
      "aspect": 1,
      "file_path": "frames/00046.png"
    },
    {
      "camera_to_world": [
        -0.6055857565277626,
        -0.05099326674062277,
        0.7941446426679046,
        0.5371752015299186,
        0.7946479334816356,
        -0.09196415989075758,
        0.6000643869380559,
        -0.5445211811273574,
        0.042433598957823296,
        0.9944558005974317,
        0.09621387699202234,
        0.02906964448203757,
        0.0,
        0.0,
        0.0,
        1.0
      ],
      "fov": 50,
      "aspect": 1,
      "file_path": "frames/00050.png"
    },
    {
      "camera_to_world": [
        -0.05919784103019859,
        -0.045553442303464545,
        0.9972063936330671,
        0.5083356072361181,
        0.997415862629668,
        -0.04343672845747467,
        0.05722604296499998,
        -0.5511259141496223,
        0.04070854089450843,
        0.9980171306621409,
        0.04800708330594045,
        0.03426436467121089,
        0.0,
        0.0,
        0.0,
        1.0
      ],
      "fov": 50,
      "aspect": 1,
      "file_path": "frames/00051.png"
    },
    {
      "camera_to_world": [
        0.45308301956026953,
        -0.06480965884613257,
        0.8891094178624962,
        0.5045537720116063,
        0.8912152937286534,
        0.009168078813258918,
        -0.4534878518157037,
        -0.5761454515832604,
        0.0212389689498087,
        0.9978555518445584,
        0.06191326399314979,
        0.032682691777803516,
        0.0,
        0.0,
        0.0,
        1.0
      ],
      "fov": 50,
      "aspect": 1,
      "file_path": "frames/00052.png"
    },
    {
      "camera_to_world": [
        0.8700214353096152,
        -0.07123297934143118,
        0.48784086127851317,
        0.4992299425971093,
        0.4901011954285198,
        0.01755855643998962,
        -0.8714886474243833,
        -0.5180361970904888,
        0.05351295084516838,
        0.9973051836744892,
        0.05018768625717874,
        0.03202498054971866,
        0.0,
        0.0,
        0.0,
        1.0
      ],
      "fov": 50,
      "aspect": 1,
      "file_path": "frames/00053.png"
    },
    {
      "camera_to_world": [
        0.8902589140190574,
        -0.03024271377954184,
        -0.45444967873392156,
        0.5577999355479245,
        -0.4500212065330096,
        0.0952573002388663,
        -0.8879227872911775,
        -0.5526751463334283,
        0.07014284758674211,
        0.994993230938511,
        0.0711938022040489,
        0.030201314606674533,
        0.0,
        0.0,
        0.0,
        1.0
      ],
      "fov": 50,
      "aspect": 1,
      "file_path": "frames/00054.png"
    },
    {
      "camera_to_world": [
        -0.5008215803776163,
        -0.03351505614552624,
        0.8649014729776023,
        0.36733351339899883,
        0.8624137703844147,
        -0.10431682469512624,
        0.4953387512271375,
        -0.6702384438211285,
        0.07362247263683983,
        0.9939792747467797,
        0.0811479621424718,
        0.03566590569058254,
        0.0,
        0.0,
        0.0,
        1.0
      ],
      "fov": 50,
      "aspect": 1,
      "file_path": "frames/00058.png"
    },
    {
      "camera_to_world": [
        0.10456025599076793,
        -0.06920017827032814,
        0.99210815512982,
        0.29954166841132385,
        0.9930290948371274,
        -0.04731140671106355,
        -0.1079573083231299,
        -0.5980200234746292,
        0.05440869885917721,
        0.9964803248005052,
        0.06377090020058976,
        0.03278958828563088,
        0.0,
        0.0,
        0.0,
        1.0
      ],
      "fov": 50,
      "aspect": 1,
      "file_path": "frames/00059.png"
    },
    {
      "camera_to_world": [
        0.146171410984606,
        -0.4007804444456117,
        0.9044385510270614,
        0.130275506861049,
        0.9833580521913179,
        -0.04084743382729826,
        -0.17702659478625957,
        -0.6511220286234911,
        0.10789279383038243,
        0.9152631241431127,
        0.38813992923681007,
        -0.0034967276205483643,
        0.0,
        0.0,
        0.0,
        1.0
      ],
      "fov": 50,
      "aspect": 1,
      "file_path": "frames/00061.png"
    },
    {
      "camera_to_world": [
        0.12366850842728036,
        -0.21502370985304053,
        0.9687471069499636,
        0.02487585654068773,
        0.987358121941228,
        -0.0708763405559389,
        -0.14177610520911163,
        -0.6362246662822016,
        0.09914647699709583,
        0.9740335627263493,
        0.20354023901221566,
        0.023306012040315193,
        0.0,
        0.0,
        0.0,
        1.0
      ],
      "fov": 50,
      "aspect": 1,
      "file_path": "frames/00062.png"
    },
    {
      "camera_to_world": [
        0.1417949264988552,
        0.07516773286055699,
        0.9870380168742239,
        -0.04288317720533703,
        0.9877425588900942,
        -0.07647903690536063,
        -0.13607188234365483,
        -0.6590885998210095,
        0.0652595037591106,
        0.9942337979628355,
        -0.08509070678441182,
        0.06586844034643914,
        0.0,
        0.0,
        0.0,
        1.0
      ],
      "fov": 50,
      "aspect": 1,
      "file_path": "frames/00063.png"
    },
    {
      "camera_to_world": [
        -0.706983219413458,
        0.060698822457298005,
        0.7046208188734893,
        -0.08696454466500579,
        0.7067978020671671,
        0.02579967954162747,
        0.7069450167826946,
        -0.6618217896790605,
        0.02473173721223538,
        0.9978226847619995,
        -0.0611417326023916,
        0.06739930924347753,
        0.0,
        0.0,
        0.0,
        1.0
      ],
      "fov": 50,
      "aspect": 1,
      "file_path": "frames/00064.png"
    },
    {
      "camera_to_world": [
        -0.8104287935501376,
        -0.06657871717538151,
        0.5820417150276912,
        -0.08335430762595564,
        0.5728686697925959,
        -0.29795331901305255,
        0.7635740341145537,
        -0.49821296302945556,
        0.12258346804575655,
        0.9522558178310395,
        0.2796108095375398,
        0.010690875968795362,
        0.0,
        0.0,
        0.0,
        1.0
      ],
      "fov": 50,
      "aspect": 1,
      "file_path": "frames/00067.png"
    },
    {
      "camera_to_world": [
        -0.38833853702449267,
        -0.01659929866045268,
        0.9213673426325795,
        -0.15579299656141318,
        0.9146345420164912,
        -0.12891079718325088,
        0.3831783390756511,
        -0.5458300955035161,
        0.11241369960408984,
        0.9915172759716866,
        0.06524332398141106,
        0.04488495216251683,
        0.0,
        0.0,
        0.0,
        1.0
      ],
      "fov": 50,
      "aspect": 1,
      "file_path": "frames/00068.png"
    },
    {
      "camera_to_world": [
        0.9973562483792089,
        -0.07069739301212109,
        0.016805813268897105,
        -0.16648161218246557,
        0.012171946706222925,
        -0.06547262185031182,
        -0.9977801121434118,
        -0.5279188627095504,
        0.0716407729716393,
        0.9953468330208333,
        -0.06443900689062519,
        0.04669797713452609,
        0.0,
        0.0,
        0.0,
        1.0
      ],
      "fov": 50,
      "aspect": 1,
      "file_path": "frames/00070.png"
    },
    {
      "camera_to_world": [
        0.8445158010404714,
        -0.050994642163756,
        -0.5330972629032114,
        0.006501071543153136,
        -0.5348504356670184,
        -0.03015667100107049,
        -0.8444083820918987,
        -0.5358189344849058,
        0.026983865693434445,
        0.9982435379706414,
        -0.052742292533470056,
        0.06612436450866775,
        0.0,
        0.0,
        0.0,
        1.0
      ],
      "fov": 50,
      "aspect": 1,
      "file_path": "frames/00071.png"
    },
    {
      "camera_to_world": [
        0.9172991547739001,
        -0.0002444842303912356,
        -0.39819876339435234,
        0.0363866713019471,
        -0.3966508792510196,
        0.08752760819711233,
        -0.9137871752180908,
        -0.5120839565044168,
        0.03507679492733633,
        0.9961620812369276,
        0.08019202937805653,
        0.05706484737327717,
        0.0,
        0.0,
        0.0,
        1.0
      ],
      "fov": 50,
      "aspect": 1,
      "file_path": "frames/00072.png"
    },
    {
      "camera_to_world": [
        0.9884998366862259,
        -0.09523211553883426,
        0.11746933629178123,
        -0.03244392582694146,
        0.134897894085625,
        0.20424300961980243,
        -0.96958098686565,
        -0.4308675886696936,
        0.06834295782436116,
        0.974276987787185,
        0.21474079849961963,
        0.019143389634211357,
        0.0,
        0.0,
        0.0,
        1.0
      ],
      "fov": 50,
      "aspect": 1,
      "file_path": "frames/00073.png"
    },
    {
      "camera_to_world": [
        0.7082119204613251,
        -0.29509337875081065,
        0.6413703299379058,
        -0.015930022582918334,
        0.6956189271506322,
        0.13644982382677434,
        -0.7053337757797917,
        -0.4464105352333694,
        0.12062446687838808,
        0.945675133317699,
        0.3019079228378349,
        -0.004377502329737265,
        0.0,
        0.0,
        0.0,
        1.0
      ],
      "fov": 50,
      "aspect": 1,
      "file_path": "frames/00074.png"
    },
    {
      "camera_to_world": [
        0.06650230602581722,
        -0.2915490537638877,
        0.9542414162750462,
        -0.03548989062895151,
        0.9859141952087027,
        -0.12789004808047974,
        -0.10778381928702908,
        -0.5557634576892241,
        0.15346226057971757,
        0.9479680225054166,
        0.27893736934784447,
        0.003659895910499027,
        0.0,
        0.0,
        0.0,
        1.0
      ],
      "fov": 50,
      "aspect": 1,
      "file_path": "frames/00075.png"
    },
    {
      "camera_to_world": [
        -0.18228723782847472,
        0.1868307242125534,
        0.9653319331378074,
        -0.2279354558006815,
        0.971960492275896,
        -0.11407912180011573,
        0.2056178653175605,
        -0.6091088358913666,
        0.14853994704079804,
        0.97574600864548,
        -0.16079691721846515,
        0.0712767102280167,
        0.0,
        0.0,
        0.0,
        1.0
      ],
      "fov": 50,
      "aspect": 1,
      "file_path": "frames/00077.png"
    },
    {
      "camera_to_world": [
        0.3544590628648211,
        0.09757399703375846,
        0.9299667423374602,
        -0.3118551981936455,
        0.9289185798824571,
        -0.1506484212142244,
        -0.3382532160027547,
        -0.5414352446043753,
        0.10709330932351202,
        0.9837603520366653,
        -0.14403700692810525,
        0.07178204515437561,
        0.0,
        0.0,
        0.0,
        1.0
      ],
      "fov": 50,
      "aspect": 1,
      "file_path": "frames/00078.png"
    },
    {
      "camera_to_world": [
        0.9338560759392014,
        -0.007539679327592846,
        0.3575697526684388,
        -0.3064603862341789,
        0.35343092747996874,
        -0.13364492517988388,
        -0.9258647701526878,
        -0.5175871719808156,
        0.05476810742975829,
        0.9910006131163717,
        -0.12214036517334456,
        0.07454393926746992,
        0.0,
        0.0,
        0.0,
        1.0
      ],
      "fov": 50,
      "aspect": 1,
      "file_path": "frames/00079.png"
    },
    {
      "camera_to_world": [
        0.9972726317979902,
        -0.06940593723249874,
        -0.025103595790250854,
        -0.2224180109451486,
        -0.03394279797398802,
        -0.12926622041717756,
        -0.9910287868130089,
        -0.5034182964160198,
        0.06553823214317517,
        0.9891780029662394,
        -0.13126949370168375,
        0.06485251731131429,
        0.0,
        0.0,
        0.0,
        1.0
      ],
      "fov": 50,
      "aspect": 1,
      "file_path": "frames/00080.png"
    },
    {
      "camera_to_world": [
        0.9321556002748408,
        -0.07433464409098693,
        -0.3543450004819813,
        -0.19694318146171835,
        -0.3593314253970836,
        -0.07005609547207871,
        -0.9305766983943312,
        -0.4930442386196437,
        0.044350065546223706,
        0.9947696269131255,
        -0.09201394907107013,
        0.06697647930795471,
        0.0,
        0.0,
        0.0,
        1.0
      ],
      "fov": 50,
      "aspect": 1,
      "file_path": "frames/00081.png"
    },
    {
      "camera_to_world": [
        0.6262256727926161,
        -0.5274320617443384,
        0.5741575880893734,
        -0.4724992667267368,
        0.7650052791161296,
        0.2736636717158494,
        -0.5829880337068308,
        -0.5351131728279672,
        0.15036051122530003,
        0.8043156834684673,
        0.5748635521140079,
        -0.03235520194242912,
        0.0,
        0.0,
        0.0,
        1.0
      ],
      "fov": 50,
      "aspect": 1,
      "file_path": "frames/00085.png"
    },
    {
      "camera_to_world": [
        0.16686871928436503,
        -0.40415233691024266,
        0.8993418523126929,
        -0.5734510950657589,
        0.9755227713215998,
        -0.06481316650639486,
        -0.21012991449580015,
        -0.5471823878391675,
        0.14321369186983687,
        0.91239259849371,
        0.38344450557725535,
        -0.0003829011717188455,
        0.0,
        0.0,
        0.0,
        1.0
      ],
      "fov": 50,
      "aspect": 1,
      "file_path": "frames/00086.png"
    },
    {
      "camera_to_world": [
        0.007143035974804962,
        0.0011722908840132123,
        0.9999738483935853,
        -0.5943962611814787,
        0.9953308575203672,
        -0.0962678132668148,
        -0.0069970083521721255,
        -0.6161965850772675,
        0.09625708731886519,
        0.995354793995547,
        -0.0018544619154001391,
        0.050808291423280146,
        0.0,
        0.0,
        0.0,
        1.0
      ],
      "fov": 50,
      "aspect": 1,
      "file_path": "frames/00087.png"
    },
    {
      "camera_to_world": [
        -0.6097067173531534,
        -0.011770181219198707,
        0.792539750103641,
        -0.633011691952445,
        0.7914133445559892,
        0.046273298122771776,
        0.6095274290359726,
        -0.5275118340399126,
        -0.0438476788136966,
        0.9988595224196709,
        -0.018898063543130325,
        0.0598163406154225,
        0.0,
        0.0,
        0.0,
        1.0
      ],
      "fov": 50,
      "aspect": 1,
      "file_path": "frames/00088.png"
    },
    {
      "camera_to_world": [
        -0.5678984214357772,
        0.07506344826184305,
        0.8196688019997982,
        -0.7940274698398695,
        0.8200361099694589,
        -0.03422740945599935,
        0.5712873654080649,
        -0.6029884916414261,
        0.07093793576083382,
        0.9965911989218269,
        -0.04211704686274316,
        0.06537873874807651,
        0.0,
        0.0,
        0.0,
        1.0
      ],
      "fov": 50,
      "aspect": 1,
      "file_path": "frames/00090.png"
    },
    {
      "camera_to_world": [
        0.9267500275242914,
        0.017841266833811646,
        0.37525484301416717,
        -0.8913298678272381,
        0.3756735899295383,
        -0.04923584798810027,
        -0.9254432348808844,
        -0.4981469601661009,
        0.0019649111344840157,
        0.9986278666102784,
        -0.05233181748379461,
        0.08075537405697038,
        0.0,
        0.0,
        0.0,
        1.0
      ],
      "fov": 50,
      "aspect": 1,
      "file_path": "frames/00092.png"
    },
    {
      "camera_to_world": [
        0.8402641141526017,
        -0.0488566106806667,
        -0.539971620120946,
        -0.7859802811031903,
        -0.539444173287053,
        0.024539176107643702,
        -0.8416636520504864,
        -0.5325676830917567,
        0.05437129381802667,
        0.9985043691786705,
        -0.005736025981215077,
        0.07577672784644962,
        0.0,
        0.0,
        0.0,
        1.0
      ],
      "fov": 50,
      "aspect": 1,
      "file_path": "frames/00093.png"
    },
    {
      "camera_to_world": [
        0.3467643405078666,
        -0.0774838844783324,
        -0.9347464231759879,
        -0.6938445642194946,
        -0.9363194205022366,
        0.03018297125575816,
        -0.349849825527642,
        -0.6075338488724489,
        0.05532114672613788,
        0.9965366276127892,
        -0.062083286161699856,
        0.08294356025423043,
        0.0,
        0.0,
        0.0,
        1.0
      ],
      "fov": 50,
      "aspect": 1,
      "file_path": "frames/00094.png"
    },
    {
      "camera_to_world": [
        0.2149582286912801,
        -0.05396851829024237,
        -0.9751310008865569,
        -0.7220369872516533,
        -0.9763032311966571,
        0.013683183222690999,
        -0.2159739459658306,
        -0.5943469153844093,
        0.024998690252380225,
        0.9984489042195632,
        -0.049748328300630966,
        0.07697402243003691,
        0.0,
        0.0,
        0.0,
        1.0
      ],
      "fov": 50,
      "aspect": 1,
      "file_path": "frames/00095.png"
    },
    {
      "camera_to_world": [
        0.5575387729233967,
        -0.051275856055217346,
        -0.828565870754224,
        -0.7879536302281746,
        -0.8296662943985003,
        -0.00031877795245797313,
        -0.5582595315950012,
        -0.5158458989333764,
        0.028361108554143536,
        0.9986844989469795,
        -0.042719582568596676,
        0.07878219085230873,
        0.0,
        0.0,
        0.0,
        1.0
      ],
      "fov": 50,
      "aspect": 1,
      "file_path": "frames/00096.png"
    },
    {
      "camera_to_world": [
        0.98833934565675,
        -0.0006645600165138317,
        -0.15226599992651574,
        -0.8118274007689933,
        -0.15214783680265534,
        -0.04393669571521239,
        -0.9873806666718348,
        -0.30111080402912993,
        -0.006033891282117495,
        0.9990341225046272,
        -0.04352547789025608,
        0.07190561678350793,
        0.0,
        0.0,
        0.0,
        1.0
      ],
      "fov": 50,
      "aspect": 1,
      "file_path": "frames/00099.png"
    },
    {
      "camera_to_world": [
        0.5646611886695144,
        -0.04427618361587107,
        -0.8241343844709353,
        -0.7660532614169738,
        -0.8242072389829819,
        0.021650290556544678,
        -0.565874246000504,
        -0.2705912851772301,
        0.042897501410372046,
        0.9987847180921393,
        -0.024267670786696727,
        0.06697345826276728,
        0.0,
        0.0,
        0.0,
        1.0
      ],
      "fov": 50,
      "aspect": 1,
      "file_path": "frames/00100.png"
    },
    {
      "camera_to_world": [
        -0.009783812568974327,
        -0.015816788149602783,
        -0.9998270550649296,
        -0.7320781265674662,
        -0.998355340463017,
        0.05663783876368651,
        0.008873421807706278,
        -0.40978644406793996,
        0.056487693092963254,
        0.9982695413384042,
        -0.016344907411532657,
        0.06702625358494889,
        0.0,
        0.0,
        0.0,
        1.0
      ],
      "fov": 50,
      "aspect": 1,
      "file_path": "frames/00101.png"
    },
    {
      "camera_to_world": [
        -0.7098540783135313,
        0.009077648184268363,
        -0.7042903141437029,
        -0.7360640699047727,
        -0.7038607543824011,
        0.028074142443740797,
        0.7097829636371713,
        -0.4618435164990565,
        0.02621550674274241,
        0.9995646808493656,
        -0.013539144589276192,
        0.0683952668763327,
        0.0,
        0.0,
        0.0,
        1.0
      ],
      "fov": 50,
      "aspect": 1,
      "file_path": "frames/00102.png"
    },
    {
      "camera_to_world": [
        0.6879205746050234,
        -0.4931498137220466,
        0.5325115982729474,
        -0.8042163487582318,
        0.7251019029989751,
        0.43513249995242553,
        -0.5337479924138836,
        -0.21134741129408025,
        0.03150460794455061,
        0.753301400713668,
        0.6569204309581861,
        -0.06151711322273139,
        0.0,
        0.0,
        0.0,
        1.0
      ],
      "fov": 50,
      "aspect": 1,
      "file_path": "frames/00106.png"
    },
    {
      "camera_to_world": [
        0.9561498820827345,
        -0.19108943621336133,
        0.22195126716938188,
        -0.6738937354463537,
        0.27764939696003954,
        0.3502198680482792,
        -0.8945707505299466,
        -0.210938524410696,
        0.09321127530806447,
        0.9169682990077467,
        0.38791854225879285,
        -0.00887785915341177,
        0.0,
        0.0,
        0.0,
        1.0
      ],
      "fov": 50,
      "aspect": 1,
      "file_path": "frames/00107.png"
    },
    {
      "camera_to_world": [
        0.7476715293917061,
        -0.029268713917848698,
        0.6634235149193982,
        -0.7548515694087569,
        0.6626990722492753,
        -0.031246736075189394,
        -0.7482336202977481,
        -0.14872875638287816,
        0.04262965720055363,
        0.9990831294640163,
        -0.0039659452917644444,
        0.07047603542754124,
        0.0,
        0.0,
        0.0,
        1.0
      ],
      "fov": 50,
      "aspect": 1,
      "file_path": "frames/00110.png"
    },
    {
      "camera_to_world": [
        0.7289625071226475,
        -0.01092670623552584,
        0.6844665060976606,
        -0.7326447491274358,
