{
  "camera_angle_x": 1.4968649143772972,
  "camera_angle_y": 0.9627793117311476,
  "fl_x": 258.4333372342852,
  "fl_y": 258.4333372342852,
  "k1": 0,
  "k2": 0,
  "p1": 0,
  "p2": 0,
  "cx": 240.0,
  "cy": 135.0,
  "w": 480.0,
  "h": 270.0,
  "frames": [
    {
      "file_path": "frames/00001.png",
      "sharpness": 891.4137652568205,
      "transform_matrix": [
        [
          -0.09053333953006477,
          0.024404831395173004,
          0.9955943544617096,
          -1.1160777268287239
        ],
        [
          0.9954944311900354,
          0.030513202594704945,
          0.08977628827833133,
          -1.5546136419874075
        ],
        [
          -0.028187797061117518,
          0.9992363827793214,
          -0.027057335878682615,
          -0.21327827026000112
        ],
        [
          0.0,
          0.0,
          0.0,
          1.0
        ]
      ]
    },
    {
      "file_path": "frames/00004.png",
      "sharpness": 883.1972991824322,
      "transform_matrix": [
        [
          -0.09021792214045758,
          0.02827132154554389,
          0.9955206973743177,
          -1.1149894178652484
        ],
        [
          0.9956152324969962,
          0.027370577464604695,
          0.08944920519042113,
          -1.5565852667114832
        ],
        [
          -0.024719129123169314,
          0.9992254920012983,
          -0.03061667500020515,
          -0.21391330956387383
        ],
        [
          0.0,
          0.0,
          0.0,
          1.0
        ]
      ]
    },
    {
      "file_path": "frames/00005.png",
      "sharpness": 875.8724150233744,
      "transform_matrix": [
        [
          -0.09051282204430167,
          0.02804373378420881,
          0.9955003656648942,
          -1.1151702326788306
        ],
        [
          0.9955834472857922,
          0.02756121533823793,
          0.08974396302598465,
          -1.5545301211604126
        ],
        [
          -0.024920444139544164,
          0.9992266651778434,
          -0.03041452053488232,
          -0.2134374110426826
        ],
        [
          0.0,
          0.0,
          0.0,
          1.0
        ]
      ]
    },
    {
      "file_path": "frames/00007.png",
      "sharpness": 878.1053626109183,
      "transform_matrix": [
        [
          -0.09049028616322158,
          0.02796893060896359,
          0.99550451883887,
          -1.1161051815997012
        ],
        [
          0.9955753208739277,
          0.02795849001198241,
          0.0897112217229116,
          -1.5545606255757525
        ],
        [
          -0.025323676211626463,
          0.9992177249002117,
          -0.030375148827395476,
          -0.2132780681373439
        ],
        [
          0.0,
          0.0,
          0.0,
          1.0
        ]
      ]
    },
    {
      "file_path": "frames/00008.png",
      "sharpness": 880.3277388974026,
      "transform_matrix": [
        [
          -0.09039910400676866,
          0.028023906821827066,
          0.9955112569123145,
          -1.116074527509029
        ],
        [
          0.9955895478171771,
          0.027725041422196724,
          0.08962574605166591,
          -1.5546133450381046
        ],
        [
          -0.02508892727796842,
          0.9992226892552498,
          -0.03040662762393071,
          -0.21327901267555835
        ],
        [
          0.0,
          0.0,
          0.0,
          1.0
        ]
      ]
    },
    {
      "file_path": "frames/00009.png",
      "sharpness": 882.3934247254135,
      "transform_matrix": [
        [
          -0.09049123880798453,
          0.028116576666189795,
          0.9955002731358197,
          -1.1153195859371006
        ],
        [
          0.995587680322893,
          0.02747589092405894,
          0.08972316427323561,
          -1.5549341973559805
        ],
        [
          -0.024829548692529103,
          0.9992269679769546,
          -0.030478844748783894,
          -0.2134175887028813
        ],
        [
          0.0,
          0.0,
          0.0,
          1.0
        ]
      ]
    },
    {
      "file_path": "frames/00010.png",
      "sharpness": 868.1007535986797,
      "transform_matrix": [
        [
          -0.09377189268211202,
          0.027477568658848126,
          0.9952144569696193,
          -1.1183563105105072
        ],
        [
          0.9952736346386559,
          0.027932561136289717,
          0.0930062590448536,
          -1.5545013205550602
        ],
        [
          -0.025243302794415685,
          0.9992320827750076,
          -0.029966988755333757,
          -0.21466880514345116
        ],
        [
          0.0,
          0.0,
          0.0,
          1.0
        ]
      ]
    },
    {
      "file_path": "frames/00011.png",
      "sharpness": 868.2035743017451,
      "transform_matrix": [
        [
          -0.04457492873616381,
          0.014656297732817597,
          0.9988985277108252,
          -1.1138485905148652
        ],
        [
          0.996746969807191,
          0.06785781347094068,
          0.04348327645333853,
          -1.5363844461000629
        ],
        [
          -0.0671457661236999,
          0.9975873445897518,
          -0.01763337755343709,
          -0.21600491752368575
        ],
        [
          0.0,
          0.0,
          0.0,
          1.0
        ]
      ]
    },
    {
      "file_path": "frames/00012.png",
      "sharpness": 643.7476970143176,
      "transform_matrix": [
        [
          0.2288180353799955,
          0.03013274806994235,
          0.9730027359553074,
          -0.7552728910545383
        ],
        [
          0.9727830395126055,
          -0.04459982389000116,
          -0.2273851660632002,
          -1.4959158861463222
        ],
        [
          0.036544010744271584,
          0.9985503859098205,
          -0.03951787033715003,
          0.2956276720334989
        ],
        [
          0.0,
          0.0,
          0.0,
          1.0
        ]
      ]
    },
    {
      "file_path": "frames/00013.png",
      "sharpness": 585.5745031854899,
      "transform_matrix": [
        [
          0.7824961780377699,
          -0.03310128871747879,
          0.6217749078560874,
          0.48763701253658054
        ],
        [
          0.6208748052518684,
          -0.03398551691738996,
          -0.7831726890305255,
          -1.266003179514474
        ],
        [
          0.04705536694499522,
          0.9988740107355957,
          -0.006041780910445144,
          0.4514294492741635
        ],
        [
          0.0,
          0.0,
          0.0,
          1.0
        ]
      ]
    },
    {
      "file_path": "frames/00014.png",
      "sharpness": 313.7939584747347,
      "transform_matrix": [
        [
          0.9769692888281679,
          -0.03495595246032648,
          -0.21049724480879944,
          1.692234296927211
        ],
        [
          -0.21045975132182737,
          0.004790412840255711,
          -0.9775907860748102,
          -1.4489038404610897
        ],
        [
          0.03518098574805471,
          0.9993773728328673,
          -0.0026767348362799655,
          0.44027733219851467
        ],
        [
          0.0,
          0.0,
          0.0,
          1.0
        ]
      ]
    },
    {
      "file_path": "frames/00015.png",
      "sharpness": 332.56520746164597,
      "transform_matrix": [
        [
          0.8289114487305891,
          -0.0707927884933382,
          -0.55488214177302,
          2.5141409512920174
        ],
        [
          -0.5545286957568275,
          0.026363118733278422,
          -0.8317469035427051,
          -1.1663764957405591
        ],
        [
          0.07351010640902558,
          0.9971426011689136,
          -0.017403941729941377,
          0.4971165314493575
        ],
        [
          0.0,
          0.0,
          0.0,
          1.0
        ]
      ]
    },
    {
      "file_path": "frames/00016.png",
      "sharpness": 252.4893925733025,
      "transform_matrix": [
        [
          0.8877674944558168,
          -0.07726837168120587,
          -0.4537603712570067,
          3.488125375183274
        ],
        [
          -0.45329072159905986,
          0.024527071878602258,
          -0.8910252209995274,
          -0.7243341263176115
        ],
        [
          0.07997748119500189,
          0.9967085940638374,
          -0.013250698808153678,
          0.446534990345323
        ],
        [
          0.0,
          0.0,
          0.0,
          1.0
        ]
      ]
    },
    {
      "file_path": "frames/00017.png",
      "sharpness": 305.73851627508907,
      "transform_matrix": [
        [
          0.8894314782878076,
          -0.054857348946599604,
          -0.4537646049387691,
          4.022739017938719
        ],
        [
          -0.45398074001288297,
          0.009174448449983963,
          -0.8909642625790246,
          0.2185814287650775
        ],
        [
          0.053038977427685347,
          0.9984520523090243,
          -0.016744136622577666,
          0.45089491630158673
        ],
        [
          0.0,
          0.0,
          0.0,
          1.0
        ]
      ]
    },
    {
      "file_path": "frames/00018.png",
      "sharpness": 279.95561484476207,
      "transform_matrix": [
        [
          0.9154289098074812,
          -0.03348518504734707,
          -0.4010843470754649,
          4.683068690208544
        ],
        [
          -0.4013751986297603,
          -0.0021752465695373652,
          -0.9159111410105639,
          1.0932322702882313
        ],
        [
          0.02979699669359443,
          0.9994368467705296,
          -0.01543140639524725,
          0.3999003771881442
        ],
        [
          0.0,
          0.0,
          0.0,
          1.0
        ]
      ]
    },
    {
      "file_path": "frames/00019.png",
      "sharpness": 148.42512344154855,
      "transform_matrix": [
        [
          0.8556764056565422,
          -0.01219085750806885,
          -0.5173676369795848,
          5.23700072586272
        ],
        [
          -0.5174973963232824,
          -0.027470076497847294,
          -0.8552437311642905,
          1.8109436046725165
        ],
        [
          -0.003785974104046739,
          0.9995482869218147,
          -0.02981423334016197,
          0.4774514185793227
        ],
        [
          0.0,
          0.0,
          0.0,
          1.0
        ]
      ]
    },
    {
      "file_path": "frames/00024.png",
      "sharpness": 376.0190997920954,
      "transform_matrix": [
        [
          0.06083356912955678,
          -0.05406373065251685,
          0.9966826926824869,
          5.897297234882918
        ],
        [
          0.9936217921833349,
          -0.0917039001050063,
          -0.06562110029480463,
          4.610713248172316
        ],
        [
          0.09494741157760353,
          0.994317609082426,
          0.04814022539658295,
          0.35399009372145024
        ],
        [
          0.0,
          0.0,
          0.0,
          1.0
        ]
      ]
    },
    {
      "file_path": "frames/00025.png",
      "sharpness": 696.1023676723727,
      "transform_matrix": [
        [
          -0.4676285088253626,
          -0.036261312770176926,
          0.883181009152638,
          5.682426138191498
        ],
        [
          0.8826871324619123,
          -0.07201868328861151,
          0.4644100940370834,
          4.074753079387979
        ],
        [
          0.046765413711174195,
          0.9967439121717679,
          0.06568538366223138,
          0.3416107003463095
        ],
        [
          0.0,
          0.0,
          0.0,
          1.0
        ]
      ]
    },
    {
      "file_path": "frames/00026.png",
      "sharpness": 396.75247386450235,
      "transform_matrix": [
        [
          -0.973815526437875,
          0.020604551172237733,
          0.2264040038016903,
          5.744163952990689
        ],
        [
          0.22416510828661468,
          -0.07881868536014415,
          0.9713586459516075,
          3.6269992993711617
        ],
        [
          0.03785927486702779,
          0.9966760091960754,
          0.07213603813240822,
          0.34418512440759175
        ],
        [
          0.0,
          0.0,
          0.0,
          1.0
        ]
      ]
    },
    {
      "file_path": "frames/00027.png",
      "sharpness": 392.29083219950274,
      "transform_matrix": [
        [
          -0.8742580520227219,
          0.0885388049505253,
          -0.47731932549320694,
          6.19532980194029
        ],
        [
          -0.4842937121444934,
          -0.09090721008903829,
          0.870169799252494,
          3.594882336708653
        ],
        [
          0.03365202592768539,
          0.9919157016448991,
          0.12235514692559006,
          0.3121137483102527
        ],
        [
          0.0,
          0.0,
          0.0,
          1.0
        ]
      ]
    },
    {
      "file_path": "frames/00028.png",
      "sharpness": 339.7689615445436,
      "transform_matrix": [
        [
          -0.9931963780077214,
          0.06335469540370245,
          -0.0977094533838358,
          6.177242992617168
        ],
        [
          -0.10440818146138453,
          -0.112858464566794,
          0.9881102664275601,
          3.409201174050966
        ],
        [
          0.051574086072228964,
          0.99158920402749,
          0.11870536676939315,
          0.29333555034036934
        ],
        [
          0.0,
          0.0,
          0.0,
          1.0
        ]
      ]
    },
    {
      "file_path": "frames/00030.png",
      "sharpness": 470.6527023260079,
      "transform_matrix": [
        [
          -0.9757641175097413,
          0.05838524319318353,
          0.21089227192012075,
          5.229297447937615
        ],
        [
          0.20388328365192288,
          -0.10744655773743789,
          0.9730811085812308,
          2.1137011160309727
        ],
        [
          0.07947322584245259,
          0.9924950380760534,
          0.09293872049108813,
          0.3154422667396596
        ],
        [
          0.0,
          0.0,
          0.0,
          1.0
        ]
      ]
    },
    {
      "file_path": "frames/00031.png",
      "sharpness": 347.9477221149954,
      "transform_matrix": [
        [
          -0.9975977620740785,
          0.06901202614952982,
          0.006003777931253271,
          5.063230554483823
        ],
        [
          0.0004351489820858534,
          -0.08042403948417452,
          0.9967606455505768,
          1.4382993337376238
        ],
        [
          0.06927131980895603,
          0.9943688018626248,
          0.08020081129343917,
          0.2947671179055675
        ],
        [
          0.0,
          0.0,
          0.0,
          1.0
        ]
      ]
    },
    {
      "file_path": "frames/00034.png",
      "sharpness": 166.62996599645393,
      "transform_matrix": [
        [
          -0.9678572706217486,
          0.07348026121442065,
          -0.24052641209314252,
          5.008555796931285
        ],
        [
          -0.24425200066611058,
          -0.0466818747750143,
          0.9685875090760171,
          1.125468256343849
        ],
        [
          0.059943839326515265,
          0.996203520259424,
          0.0631290927183423,
          0.3250669636813664
        ],
        [
          0.0,
          0.0,
          0.0,
          1.0
        ]
      ]
    },
    {
      "file_path": "frames/00035.png",
      "sharpness": 566.7626995799039,
      "transform_matrix": [
        [
          -0.49505715461002975,
          -0.028668046817041305,
          0.8683873310677894,
          4.347165695030681
        ],
        [
          0.8679813487429948,
          -0.061265160012343056,
          0.49280316395387036,
          1.5373115124624643
        ],
        [
          0.039074184614744024,
          0.9977097389813725,
          0.05521308573452148,
          0.35930403528789084
        ],
        [
          0.0,
          0.0,
          0.0,
          1.0
        ]
      ]
    },
    {
      "file_path": "frames/00036.png",
      "sharpness": 797.3736028577364,
      "transform_matrix": [
        [
          0.09317809104268758,
          -0.0822141559052536,
          0.9922493012929503,
          4.32292742980161
        ],
        [
          0.9950970329595332,
          -0.02550370053087625,
          -0.09555865347710243,
          2.0062007037798604
        ],
        [
          0.03316230306720921,
          0.996288308586391,
          0.07943467647859884,
          0.31726787396775075
        ],
        [
          0.0,
          0.0,
          0.0,
          1.0
        ]
      ]
    },
    {
      "file_path": "frames/00037.png",
      "sharpness": 719.1099026041668,
      "transform_matrix": [
        [
          0.08352826993125304,
          -0.0977277603128596,
          0.991701725814998,
          4.275324327348971
        ],
        [
          0.9963320465784752,
          -0.010372157523172245,
          -0.08494039856895708,
          2.034319452216063
        ],
        [
          0.018587121428380725,
          0.9951591346163986,
          0.09650293106667697,
          0.30082480561194114
        ],
        [
          0.0,
          0.0,
          0.0,
          1.0
        ]
      ]
    },
    {
      "file_path": "frames/00039.png",
      "sharpness": 432.37788575579185,
      "transform_matrix": [
        [
          -0.9945588739547621,
          0.10415647976763714,
          -0.0020184048579685726,
          4.24639394928435
        ],
        [
          -0.014032066054140847,
          -0.11473929707504497,
          0.9932965291537911,
          0.055505068536499794
        ],
        [
          0.10322667948745493,
          0.9879201999286592,
          0.11557651670138391,
          0.25246729192614015
        ],
        [
          0.0,
          0.0,
          0.0,
          1.0
        ]
      ]
    },
    {
      "file_path": "frames/00040.png",
      "sharpness": 333.7380060204237,
      "transform_matrix": [
        [
          -0.9847205565832344,
          0.09733599305456174,
          -0.14439920324021238,
          4.040859277660116
        ],
        [
          -0.1515724235676162,
          -0.07080997643646744,
          0.9859065613185142,
          -0.9416339984305707
        ],
        [
          0.08573929002606172,
          0.9927293949969823,
          0.08448149177580454,
          0.25309815111000705
        ],
        [
          0.0,
          0.0,
          0.0,
          1.0
        ]
      ]
    },
    {
      "file_path": "frames/00041.png",
      "sharpness": 327.229104434347,
      "transform_matrix": [
        [
          -0.993105179734489,
          0.08691912919454847,
          -0.0786585466590303,
          4.091148094269174
        ],
        [
          -0.08752580377449581,
          -0.1034186822997158,
          0.9907793951354714,
          -1.8152064771092755
        ],
        [
          0.07798291900198906,
          0.9908328018033059,
          0.11031329571929534,
          0.2723536997939367
        ],
        [
          0.0,
          0.0,
          0.0,
          1.0
        ]
      ]
    },
    {
      "file_path": "frames/00042.png",
      "sharpness": 353.37407593140335,
      "transform_matrix": [
        [
          -0.9812512617679826,
          0.03380249765329462,
          0.18974549383071482,
          3.8619993270931934
        ],
        [
          0.18605005862049118,
          -0.09087134140292993,
          0.978329072960083,
          -2.3933274346692546
        ],
        [
          0.0503123937424416,
          0.9952887975165607,
          0.08287866174025958,
          0.26978900241810594
        ],
        [
          0.0,
          0.0,
          0.0,
          1.0
        ]
      ]
    },
    {
      "file_path": "frames/00043.png",
      "sharpness": 591.9589093504705,
      "transform_matrix": [
        [
          -0.586948469888672,
          -0.04055604296673557,
          0.8086078784380892,
          3.555287931685874
        ],
        [
          0.8074533761900955,
          -0.10241280818671136,
          0.5809738909783464,
          -2.2937913366521685
        ],
        [
          0.05924980146767432,
          0.9939148978137543,
          0.09285815488059346,
          0.3247178947954902
        ],
        [
          0.0,
          0.0,
          0.0,
          1.0
        ]
      ]
    },
    {
      "file_path": "frames/00044.png",
      "sharpness": 644.8867135107072,
      "transform_matrix": [
        [
          0.11963550805292945,
          -0.08661751465375347,
          0.989032229690239,
          3.408548706355213
        ],
        [
          0.9922508716878177,
          -0.023231575158997608,
          -0.1220594181142507,
          -1.914975931138569
        ],
        [
          0.03354926001585944,
          0.9959707325362287,
          0.08316698312160266,
          0.30993081828802943
        ],
        [
          0.0,
          0.0,
          0.0,
          1.0
        ]
      ]
    },
    {
      "file_path": "frames/00045.png",
      "sharpness": 598.0896976436876,
      "transform_matrix": [
        [
          0.8629548167681239,
          -0.08312840892747547,
          0.49839607928213187,
          3.9958475186427505
        ],
        [
          0.5028616869002731,
          0.044882347216203,
          -0.8632008449695628,
          -1.3536145955953411
        ],
        [
          0.049387326945637224,
          0.9955276201770941,
          0.08053352966068779,
          0.31807796777257336
        ],
        [
          0.0,
          0.0,
          0.0,
          1.0
        ]
      ]
    },
    {
      "file_path": "frames/00046.png",
      "sharpness": 303.4996871355715,
      "transform_matrix": [
        [
          0.8549787906397203,
          0.03246487313913557,
          -0.5176459210369786,
          4.586768049271133
        ],
        [
          -0.5181215204923493,
          0.09905146912252645,
          -0.8495521740701726,
          -1.4704618360503088
        ],
        [
          0.02369298540773103,
          0.9945525820562034,
          0.10150765471490547,
          0.34552963301084366
        ],
        [
          0.0,
          0.0,
          0.0,
          1.0
        ]
      ]
    },
    {
      "file_path": "frames/00050.png",
      "sharpness": 524.2052116554617,
      "transform_matrix": [
        [
          -0.6057623538101057,
          -0.055250398055470176,
          0.7937249928149379,
          3.5873483979753984
        ],
        [
          0.7946356303933175,
          -0.0922604543093229,
          0.6000351852017042,
          -3.4186670644446013
        ],
        [
          0.04007724560408836,
          0.9942008861810968,
          0.09979184485429536,
          0.3349597876046043
        ],
        [
          0.0,
          0.0,
          0.0,
          1.0
        ]
      ]
    },
    {
      "file_path": "frames/00051.png",
      "sharpness": 736.7752898014189,
      "transform_matrix": [
        [
          -0.059372222957366674,
          -0.04982590167915141,
          0.9969916341980416,
          3.4106543196461634
        ],
        [
          0.9974037394291362,
          -0.0437340916763243,
          0.05721109855626351,
          -3.459111413961339
        ],
        [
          0.04075192895892488,
          0.9977999342278104,
          0.05229313089705866,
          0.3659942476549989
        ],
        [
          0.0,
          0.0,
          0.0,
          1.0
        ]
      ]
    },
    {
      "file_path": "frames/00052.png",
      "sharpness": 896.956160332838,
      "transform_matrix": [
        [
          0.45298733438492317,
          -0.06908128656645439,
          0.8888364589344241,
          3.387543147890704
        ],
        [
          0.8912086432567173,
          0.008870774144061434,
          -0.45350685061043744,
          -3.612281332919346
        ],
        [
          0.023444169228655214,
          0.9975715940273767,
          0.06558418800876734,
          0.35616637063254647
        ],
        [
          0.0,
          0.0,
          0.0,
          1.0
        ]
      ]
    },
    {
      "file_path": "frames/00053.png",
      "sharpness": 609.0259762468921,
      "transform_matrix": [
        [
          0.869783968245362,
          -0.07550219236853872,
          0.48762205398117126,
          3.354967428684102
        ],
        [
          0.490084679710826,
          0.017261420095078576,
          -0.8715039013619101,
          -3.2565279547779618
        ],
        [
          0.057383406089164785,
          0.9969962198131741,
          0.05201617423224813,
          0.35210626401197276
        ],
        [
          0.0,
          0.0,
          0.0,
          1.0
        ]
      ]
    },
    {
      "file_path": "frames/00054.png",
      "sharpness": 317.1715164879948,
      "transform_matrix": [
        [
          0.8899507009922238,
          -0.034502456938757205,
          -0.45474974465804685,
          3.7135848440925208
        ],
        [
          -0.4500426745918746,
          0.09496082560794013,
          -0.8879437102913909,
          -3.468588869795656
        ],
        [
          0.07381965082609708,
          0.9948829187713397,
          0.0689828753158774,
          0.34241365428240783
        ],
        [
          0.0,
          0.0,
          0.0,
          1.0
        ]
      ]
    },
    {
      "file_path": "frames/00058.png",
      "sharpness": 413.23537951436515,
      "transform_matrix": [
        [
          -0.5011327079026633,
          -0.03777030253516611,
          0.864545784394596,
          2.5473932241470805
        ],
        [
          0.8623921162152274,
          -0.10461298911328605,
          0.4953140018196507,
          -4.188335280654907
        ],
        [
          0.07173455903217722,
          0.9937955155629955,
          0.08499780164952407,
          0.3706614270405278
        ],
        [
          0.0,
          0.0,
          0.0,
          1.0
        ]
      ]
    },
    {
      "file_path": "frames/00059.png",
      "sharpness": 824.3014417509121,
      "transform_matrix": [
        [
          0.10432570828474672,
          -0.07346583675386412,
          0.9918260519964482,
          2.132442002135372
        ],
        [
          0.9930128040984673,
          -0.04760829886510737,
          -0.10797694557479089,
          -3.746199610558694
        ],
        [
          0.05515176776242488,
          0.9961607403964191,
          0.06798574706106053,
          0.3514072474690852
        ],
        [
          0.0,
          0.0,
          0.0,
          1.0
        ]
      ]
    },
    {
      "file_path": "frames/00061.png",
      "sharpness": 1200.5785214618104,
      "transform_matrix": [
        [
          0.14570750008082484,
          -0.4046953263654594,
          0.9027685291568773,
          1.0971339755941842
        ],
        [
          0.9833257695498554,
          -0.04111991232743367,
          -0.17714283431558883,
          -4.071230040868723
        ],
        [
          0.10881063991754676,
          0.913526598203934,
          0.39195586360277224,
          0.12472633772147562
        ],
        [
          0.0,
          0.0,
          0.0,
          1.0
        ]
      ]
    },
    {
      "file_path": "frames/00062.png",
      "sharpness": 1067.3116876880788,
      "transform_matrix": [
        [
          0.12324225300369833,
          -0.21919191314613057,
          0.9678668566925064,
          0.4511673396900368
        ],
        [
          0.9873284640119045,
          -0.0711664475156318,
          -0.14183737483431474,
          -3.9800747881168013
        ],
        [
          0.0999692514044851,
          0.9730828546209532,
          0.2076437016003039,
          0.28607910416933624
        ],
        [
          0.0,
          0.0,
          0.0,
          1.0
        ]
      ]
    },
    {
      "file_path": "frames/00063.png",
      "sharpness": 665.4121612632888,
      "transform_matrix": [
        [
          0.14151358890160332,
          0.07091037949268938,
          0.9873933472706367,
          0.03522626053340273
        ],
        [
          0.9877229961792366,
          -0.07677534831603595,
          -0.1360471561983368,
          -4.120128001817698
        ],
        [
          0.06616031268671449,
          0.9945236367070824,
          -0.08090456757209884,
          0.5448315280262434
        ],
        [
          0.0,
          0.0,
          0.0,
          1.0
        ]
      ]
    },
    {
      "file_path": "frames/00064.png",
      "sharpness": 188.40910235285924,
      "transform_matrix": [
        [
          -0.7070830322733485,
          0.05642617102125125,
          0.7048756434243765,
          -0.23468307842334757
        ],
        [
          0.7067908512387825,
          0.02550230449611286,
          0.7069627465931543,
          -4.1368638434282845
        ],
        [
          0.021915247554416952,
          0.998081018598782,
          -0.057913748241325065,
          0.5530432137289703
        ],
        [
          0.0,
          0.0,
          0.0,
          1.0
        ]
      ]
    },
    {
      "file_path": "frames/00067.png",
      "sharpness": 422.4466423348551,
      "transform_matrix": [
        [
          -0.8109465294844856,
          -0.07065489600802083,
          0.5808387142616143,
          -0.21109520048411445
        ],
        [
          0.5728326338143855,
          -0.2982370155632565,
          0.7634903117821391,
          -3.1351264350587487
        ],
        [
          0.11928327608288458,
          0.9518731891465954,
          0.28232770290698944,
          0.20626328149471945
        ],
        [
          0.0,
          0.0,
          0.0,
          1.0
        ]
      ]
    },
    {
      "file_path": "frames/00068.png",
      "sharpness": 557.8872806905863,
      "transform_matrix": [
        [
          -0.38881682124793376,
          -0.02084414360186411,
          0.9210792589077655,
          -0.6554660201093235
        ],
        [
          0.9146012608040901,
          -0.129206238609525,
          0.38315829840933757,
          -3.4267064898326853
        ],
        [
          0.11102257991043107,
          0.9913986431198248,
          0.06930163900020389,
          0.4136162457127752
        ],
        [
          0.0,
          0.0,
          0.0,
          1.0
        ]
      ]
    },
    {
      "file_path": "frames/00070.png",
      "sharpness": 410.00737042127486,
      "transform_matrix": [
        [
          0.9970403556653289,
          -0.07495817549345099,
          0.017082186609688355,
          -0.7209500518324993
        ],
        [
          0.012149959862776873,
          -0.06576917571245922,
          -0.997760890194353,
          -3.3170550687159444
        ],
        [
          0.07591381724037577,
          0.9950154207100096,
          -0.06466378352053345,
          0.4244682055187243
        ],
        [
          0.0,
          0.0,
          0.0,
          1.0
        ]
      ]
    },
    {
      "file_path": "frames/00071.png",
      "sharpness": 344.44532821638995,
      "transform_matrix": [
        [
          0.8443928346839245,
          -0.05526802983749868,
          -0.5328660109354404,
          0.3375528951869273
        ],
        [
          -0.5348590005080913,
          -0.030454098982432197,
          -0.8443923243555955,
          -3.365456299730478
        ],
        [
          0.03043994593563812,
          0.9980070103616326,
          -0.05527582616645663,
          0.5479176193845925
        ],
        [
          0.0,
          0.0,
          0.0,
          1.0
        ]
      ]
    },
    {
      "file_path": "frames/00072.png",
      "sharpness": 405.2390705873247,
      "transform_matrix": [
        [
          0.9171407976511928,
          -0.004509504023197798,
          -0.39853785473292186,
          0.5207519903027709
        ],
        [
          -0.39666190610665186,
          0.08723076513232145,
          -0.913810771362572,
          -3.220131343870746
        ],
        [
          0.0388855953524477,
          0.9961779248637379,
          0.07821414505174393,
          0.4932812317031799
        ],
        [
          0.0,
          0.0,
          0.0,
          1.0
        ]
      ]
    },
    {
      "file_path": "frames/00073.png",
      "sharpness": 594.6868523871527,
      "transform_matrix": [
        [
          0.9881980231298207,
          -0.09940263910243621,
          0.11654948485388722,
          0.10035991633040604
        ],
        [
          0.13487688533770573,
          0.20395275097865256,
          -0.9696450387486293,
          -2.722845110856805
        ],
        [
          0.07261468778310264,
          0.9739211419338402,
          0.21495282368547766,
          0.2594674543768455
        ],
        [
          0.0,
          0.0,
          0.0,
          1.0
        ]
      ]
    },
    {
      "file_path": "frames/00074.png",
      "sharpness": 839.14803135425,
      "transform_matrix": [
        [
          0.7076885072829938,
          -0.29913955285346155,
          0.6400722651202128,
          0.20207576242874056
        ],
        [
          0.6955824828324904,
          0.13616820672687596,
          -0.7054241483344376,
          -2.8179581174129202
        ],
        [
          0.12386277178776867,
          0.944443617900709,
          0.3044409078451567,
          0.11587539908630244
        ],
        [
          0.0,
          0.0,
          0.0,
          1.0
        ]
      ]
    },
    {
      "file_path": "frames/00075.png",
      "sharpness": 837.2033097345466,
      "transform_matrix": [
        [
          0.06584403030873905,
          -0.29560492176951925,
          0.9530384535244416,
          0.08211863806292886
        ],
        [
          0.9858683695423474,
          -0.1281723438213927,
          -0.10786754940776136,
          -3.4874451114609135
        ],
        [
          0.15403935084429424,
          0.9466729004798355,
          0.28298815856229126,
          0.16436873530596624
        ],
        [
          0.0,
          0.0,
          0.0,
          1.0
        ]
      ]
    },
    {
      "file_path": "frames/00077.png",
      "sharpness": 367.4958067901235,
      "transform_matrix": [
        [
          -0.182922140091959,
          0.1826515231208306,
          0.9660113414260413,
          -1.0978187755568254
        ],
        [
          0.9719163290226758,
          -0.1143699922860265,
          0.20566515077565217,
          -3.8141547895693306
        ],
        [
          0.14804776270915856,
          0.9765029062752864,
          -0.1566011940907373,
          0.5731820656806985
        ],
        [
          0.0,
          0.0,
          0.0,
          1.0
        ]
      ]
    },
    {
      "file_path": "frames/00078.png",
      "sharpness": 717.0309638943664,
      "transform_matrix": [
        [
          0.35399670512834475,
          0.09336132668780275,
          0.9305750885529283,
          -1.6115947577281835
        ],
        [
          0.9288864400179266,
          -0.15094163067741015,
          -0.33821088935641713,
          -3.399849075845088
        ],
        [
          0.10888670400337759,
          0.9841241216459953,
          -0.14015491030888652,
          0.5741995284199142
        ],
        [
          0.0,
          0.0,
          0.0,
          1.0
        ]
      ]
    },
    {
      "file_path": "frames/00079.png",
      "sharpness": 621.7421335947622,
      "transform_matrix": [
        [
          0.9336127357994439,
          -0.011782391662665155,
          0.35808998142604637,
          -1.5786398945049631
        ],
        [
          0.353413992417666,
          -0.13394022123207827,
          -0.9258285840800654,
          -3.2538533295907603
        ],
        [
          0.05887112632331743,
          0.9909193672448627,
          -0.12088423430033234,
          0.5912929648445552
        ],
        [
          0.0,
          0.0,
          0.0,
          1.0
        ]
      ]
    },
    {
      "file_path": "frames/00080.png",
      "sharpness": 449.6621202843983,
      "transform_matrix": [
        [
          0.9969828799543645,
          -0.07364027733166174,
          -0.024540713729185003,
          -1.0638726002266379
        ],
        [
          -0.03396296631434895,
          -0.1295609284716803,
          -0.990989648146073,
          -3.1670923455283684
        ],
        [
          0.06979723486617175,
          0.988833188847349,
          -0.1316710698556518,
          0.5341900919286589
        ],
        [
          0.0,
          0.0,
          0.0,
          1.0
        ]
      ]
    },
    {
      "file_path": "frames/00081.png",
      "sharpness": 371.4961563971169,
      "transform_matrix": [
        [
          0.9319573685592567,
          -0.07859291910078564,
          -0.35394719415930437,
          -0.9079695754820173
        ],
        [
          -0.35934522669919655,
          -0.0703524689167895,
          -0.9305490519933953,
          -3.1035848911167268
        ],
        [
          0.04823350738735233,
          0.9944212805357956,
          -0.09380749213456141,
          0.5478798431081254
        ],
        [
          0.0,
          0.0,
          0.0,
          1.0
        ]
      ]
    },
    {
      "file_path": "frames/00085.png",
      "sharpness": 1041.1357887228983,
      "transform_matrix": [
        [
          0.6255756847401395,
          -0.5308709536942535,
          0.5716914317912946,
          -2.592339557458112
        ],
        [
          0.7649600786685656,
          0.2734243188093145,
          -0.583159686472784,
          -3.360953930609721
        ],
        [
          0.1532681986071925,
          0.8021316428152708,
          0.5771426919645556,
          -0.06753510983327338
        ],
        [
          0.0,
          0.0,
          0.0,
          1.0
        ]
      ]
    },
    {
      "file_path": "frames/00086.png",
      "sharpness": 1017.6928740273968,
      "transform_matrix": [
        [
          0.1662534073187648,
          -0.40805489245360704,
          0.8976920459141305,
          -3.2112116426490225
        ],
        [
          0.9754799438488797,
          -0.06508478460962444,
          -0.2102447382478264,
          -3.4349013023515345
        ],
        [
          0.1442174875087478,
          0.9106344906464449,
          0.38722879637194724,
          0.12553346402010393
        ],
        [
          0.0,
          0.0,
          0.0,
          1.0
        ]
      ]
    },
    {
      "file_path": "frames/00087.png",
      "sharpness": 494.06401786694096,
      "transform_matrix": [
        [
          0.006730217840933972,
          -0.0030891677671045295,
          0.9999725802281986,
          -3.340781037235822
        ],
        [
          0.9953021427798633,
          -0.096564409741572,
          -0.006997095759381025,
          -3.8575082994383556
        ],
        [
          0.09658337717017597,
          0.9953219438009494,
          0.0024247557847635604,
          0.4382546337172917
        ],
        [
          0.0,
          0.0,
          0.0,
          1.0
        ]
      ]
    },
    {
      "file_path": "frames/00088.png",
      "sharpness": 466.98964223227216,
      "transform_matrix": [
        [
          -0.6095138979757123,
          -0.016046617942082272,
          0.792612966223109,
          -3.577423925997144
        ],
        [
          0.7914267810134304,
          0.045975660087194836,
          0.6095325167489078,
